1311
1343
776
5197
862
3072
945
2957
408
1954
492
2916
1352
714
463
2779
2957
1963
2823
2846
3932
8470
1687
742
1316
2013
852
2470
3576
1874
772
753
690
527
4563
2733
1137
3939
575
865
1462
603
493
3117
667
1934
1352
475
846
12558
2804
1634
975
1377
253
4856
1468
964
995
1790
642
1009
1693
4842
1265
1676
4917
3019
428
818
701
1274
5541
1467
450
2495
1461
2430
730
1494
966
2125
283
856
4214
2433
706
843
1814
1893
379
2666
264
935
1317
2808
211
137
2118
335
805
530
1207
3861
1479
1489
2460
1209
931
1522
1222
109
2670
1301
2271
965
470
548
863
1680
2832
974
403
1259
3357
1026
634
1055
185
1096
3584
463
428
1736
4278
91
1497
1116
1428
414
2077
418
277
1025
144
2351
1314
562
2035
875
