1864
1408
480
1462
736
758
1016
726
1344
206
368
1404
2089
3519
1343
2855
3264
1256
5531
4683
1241
2966
528
175
979
1401
837
985
6197
2356
4783
1151
1230
663
6176
2828
3926
4187
434
942
1528
3895
1191
3277
2996
1684
1030
1736
8072
1551
1059
1617
1202
1832
3401
501
894
282
2338
2065
1870
772
2996
435
3247
1617
1788
3827
968
713
1797
1128
203
986
3981
6657
2192
5393
923
3495
2937
366
5776
2743
474
1140
3728
3248
2013
2309
2068
854
2118
5623
3300
2997
2454
872
1594
1491
1862
897
1515
651
450
636
341
1131
2668
1196
704
1041
1764
1006
4499
2869
1837
4016
1672
3828
5284
9332
1452
4574
1895
1975
564
1711
2538
192
3522
1182
727
1481
2418
837
4874
865
1108
3040
5875
5091
12943
974
417
2045
2331
482
5117
628
