1361
4663
1138
2089
2392
2730
1517
3473
908
1848
1024
3113
3554
630
1017
3167
1648
809
4421
1193
2536
4117
325
2799
2374
580
3406
6912
836
3530
1930
5719
578
3570
2835
2528
1073
218
2183
1667
791
1200
3342
1631
992
447
942
3280
2972
3589
1946
2543
859
738
1463
1117
375
909
3828
441
574
5376
673
1969
888
1767
618
422
3484
1483
3283
660
683
1865
3654
1753
1561
1140
1437
2646
1156
6867
902
3367
655
956
1483
1576
381
1205
1863
7087
6124
1819
259
777
4356
2775
1359
2801
1484
504
893
287
276
1001
5024
2813
2073
3672
2103
346
2202
2229
3794
317
372
7200
2904
244
5799
9072
1017
936
1787
1410
1181
425
2879
1116
244
258
1572
1051
2065
2332
576
420
2165
284
615
1959
1197
1597
7017
2091
444
1371
1674
1934
1547
2457
666
2142
906
3200
3941
1221
1033
1742
738
5632
938
2051
1515
735
2167
668
561
1482
335
1153
1441
3527
316
1154
5758
1727
388
1360
2127
5772
723
1705
447
2882
525
1626
595
1493
2309
1738
358
2125
2250
1480
2112
569
6375
1143
629
426
777
1267
1108
1096
2436
4416
1015
3144
2888
2939
1997
9393
1194
1780
4097
9889
2947
2993
2225
934
390
353
2309
1844
3702
477
2908
121
2213
2377
4598
2619
949
393
948
1711
1537
2155
1452
460
1799
2640
1232
5087
4402
3857
630
1050
1529
5603
4246
2365
1260
703
361
2829
1099
4530
407
2522
234
1491
1661
735
813
507
3389
282
642
1089
956
400
2862
1953
2147
1610
692
2555
2630
2122
2468
933
5741
6353
450
3263
3791
3423
988
4407
2476
836
2670
1641
174
3482
553
1068
713
905
1698
1458
3118
1686
4424
2089
4067
5335
3821
2195
7822
1253
2859
2257
1905
778
1923
547
485
3683
4161
936
240
1941
2566
133
3034
756
270
524
832
706
4294
1125
473
449
942
4241
4235
815
1568
1395
765
1079
689
3860
230
4794
1240
987
2122
1798
2256
1177
312
674
1893
1093
1323
1965
336
2896
3508
7907
3089
807
600
1313
2526
1694
2193
2319
483
1161
1530
2333
1014
2755
3119
2234
2914
4218
983
2421
3272
606
1190
4717
5050
566
2208
877
1570
3488
1568
1250
177
3017
3970
5372
2036
1715
6855
7314
171
1036
9041
3634
3991
907
811
2352
1942
2013
3146
1347
1355
2331
1043
2213
1673
1243
2720
4671
3252
1175
867
393
2418
1549
1285
2869
1992
1069
337
2764
2765
646
2243
4465
912
761
604
1367
3133
3188
1674
969
4831
1586
1297
628
1367
2004
1964
463
1971
1484
2643
900
316
1097
1791
951
463
3344
1218
1243
740
655
2307
897
256
1185
932
2528
1333
942
3222
2802
1528
1026
559
10151
2319
510
672
254
587
649
4885
1979
1387
366
7990
1322
7443
1443
