3488
755
684
482
1630
850
1617
2001
3130
1672
4313
2025
1271
365
1839
3432
1249
2230
2400
1989
402
613
770
4516
3225
1224
1719
1082
5293
4896
2830
5606
1887
992
1417
1201
4884
1395
5208
3273
3747
218
885
2449
1620
2204
2547
1640
2375
605
2131
1606
5364
135
2291
481
282
2817
1948
2414
351
941
758
3957
4049
2440
939
547
1335
1454
2924
865
973
477
10605
1761
1807
3450
9462
1121
764
6092
2736
750
1562
821
1461
630
886
3132
432
914
375
3014
2831
1421
1895
2079
3293
1126
3199
1497
5312
2384
6184
1720
2294
5763
2917
9149
1693
915
1894
4014
2547
3110
275
3371
1718
1697
2353
1755
692
4066
1141
2636
246
1182
2386
4010
521
691
1353
1742
620
5119
643
2108
235
3434
1207
1033
526
2454
2087
1487
4922
1665
1526
221
