3226
184
769
1096
6417
1248
1217
1517
2183
336
1934
1525
3826
5381
506
1686
1555
3387
2165
1465
365
1008
1222
1544
1818
1017
2488
744
5635
995
2907
2004
1844
1373
1892
3797
2852
373
1868
2780
699
650
2146
294
2445
894
1345
1634
2487
3552
2854
321
1630
1656
222
340
1458
1022
3172
5568
2730
843
1046
2483
2289
2648
680
1460
248
885
665
1017
1169
2431
2617
1333
1589
8188
2966
1876
3501
225
1600
1215
2529
1219
1360
636
2043
787
129
2861
2397
198
2531
1766
1003
681
3152
370
4324
1841
4046
1570
759
611
6838
1351
437
1129
3995
901
642
961
1916
1015
3221
785
636
232
1678
1902
1407
338
1080
700
718
370
1547
721
3617
3229
813
2082
1107
235
1754
2845
364
594
583
3119
3029
827
214
2322
2587
4232
1789
899
